STARLETTE               
1 07646U 75010A   17127.88923154 -.00000146  00000-0 -37787-5 0  9994
2 07646  49.8247 277.4045 0205759 231.6879 126.5355 13.82302611134295
LAGEOS 1                
1 08820U 76039A   17127.73259226  .00000018  00000-0  00000-0 0  9996
2 08820 109.8311 119.5509 0044560 294.4890 212.8882  6.38664684701053
AJISAI (EGS)            
1 16908U 86061A   17127.91071332 -.00000095  00000-0  15949-4 0  9996
2 16908  50.0094 298.3882 0011293 352.5459 166.5228 12.44485585 66214
LAGEOS 2                
1 22195U 92070B   17127.47461231 -.00000009  00000-0  00000-0 0  9993
2 22195  52.6458 209.7802 0137295 172.2805 234.0401  6.47294147580192
STELLA                  
1 22824U 93061B   17127.90352728 -.00000045  00000-0  91406-7 0  9998
2 22824  98.8141  84.3981 0006780 154.9664 280.8381 14.27368349230103
GRACE-1                 
1 27391U 02012A   17127.95056130  .00009215  00000-0  53161-4 0  9991
2 27391  88.9881 326.7589 0005661 154.9560 338.6034 15.78449117170062
GRACE-2                 
1 27392U 02012B   17127.61033000  .00010329  00000-0  59656-4 0  9999
2 27392  88.9895 326.9396 0005586 156.0676 204.0862 15.78439360850994
LARES                   
1 38077U 12006A   17127.80006646 -.00000022  00000-0  10000-3 0  9991
2 38077  69.4933 215.7197 0010850 293.7934  66.1955 12.54930976239703
